0 0.57226 0.63287 0.66783 0.65501 0.64336 0.50233 0.61189 0.48019 0.28788
0.57226 0 0.31818 0.46853 0.48368 0.45571 0.29254 0.29371 0.57576 0.45571
0.63287 0.31818 0 0.53613 0.32634 0.5711 0.47319 0.45921 0.62821 0.5641
0.66783 0.46853 0.53613 0 0.6014 0.46154 0.55711 0.31935 0.65385 0.60956
0.65501 0.48368 0.32634 0.6014 0 0.63869 0.57692 0.56643 0.65734 0.60839
0.64336 0.45571 0.5711 0.46154 0.63869 0 0.54312 0.30653 0.64685 0.6049
0.50233 0.29254 0.47319 0.55711 0.57692 0.54312 0 0.45688 0.49068 0.33217
0.61189 0.29371 0.45921 0.31935 0.56643 0.30653 0.45688 0 0.59907 0.53963
0.48019 0.57576 0.62821 0.65385 0.65734 0.64685 0.49068 0.59907 0 0.29953
0.28788 0.45571 0.5641 0.60956 0.60839 0.6049 0.33217 0.53963 0.29953 0
